1014309
1007616
1018935
1017451
1020600
1005249
1016519
1031556
1022798
1030303
1006224
1011008
1005844
1032609
1014989
1032702
1003195
1020485
1003093
1014343
1030523
1001587
1029314
1009503
1007448
1025200
1013458
1006618
1020580
1019796
1014798
1015281
1019589
1020798
1028009
1027157
1020472
1023622
1018538
1012292
1006038
1024179
1018190
1029657
1007958
1006191
1019815
1022888
1019156
1011511
1016202
1002634
1024272
1020055
1020328
1022646
1026362
1004886
1018875
1028433
1029869
1020142
1023844
1001416
1021881
1031998
1010322
1018651
1010021
1005699
1003557
1028476
1027892
1024389
1005075
1010712
1002600
1002510
1021003
1026869
1017861
1014688
1013401
1009789
1015255
1016423
1005002
1010585
1024182
1010285
1027088
1031426
1028617
1023757
1009832
1030932
1004169
1002154
1025721
1017189
1019976
1031329
1002368
1028692
1021425
1010555
1003434
1016549
1007441
1009512
1030145
1018060
1021718
1003753
1016139
1012423
1016279
1025996
1016687
1012529
1022549
1017437
1019866
1012949
1000193
1023195
1003297
1020416
1028286
1016105
1024488
1016282
1012455
1025734
1018114
1011701
1031316
1020671
1005786
1012263
1004313
1024355
1031185
1020053
1000912
1010808
1001832
1020945
1004313
1027756
1028321
1019558
1023646
1027982
1000481
1004144
1023196
1020222
1007129
1002161
1005535
1020450
1011173
1010466
1012044
1021659
1026292
1026439
1017253
1020024
1026154
1029510
1004745
1020649
1013186
1008313
1004474
1028022
1002168
1014018
1018787
1009905
1017958
1007391
1010202
1003625
1026477
1004414
1009314
1025824
1029334
1025874
1024372
1020159
1011833
1028070
1007487
1028297
1007518
1008177
