1000041
1018467
1006334
1026500
1019169
1015724
1011478
1029358
1026962
1024464
1005705
1028145
1023281
1016827
1009961
1000491
1002995
1011942
1004827
1005436
1032391
1014604
1003902
1000153
1000292
1012382
1017421
1018716
1019718
1019895
1005447
1021726
1014771
1011538
1001869
1019912
1025667
1026299
1017035
1009894
1028703
1023811
1031322
1030333
1017673
1004664
1015141
1007711
1028253
1006868
1025547
1027644
1032662
1032757
1020037
1012859
1008723
1009741
1027529
1000778
1012316
1003035
1022190
1001842
1000288
1030106
1009040
1008942
1019264
1022648
1027446
1023805
1015890
1006729
1024370
1015350
1015006
1031101
1024393
1003548
1019629
1012623
1024084
1019954
1018756
1011840
1004966
1007376
1013931
1026308
1016944
1032439
1024626
1011323
1005537
1021538
1016118
1002082
1022929
1016541
1004833
1031115
1004639
1029658
1022704
1009930
1013977
1002306
1031673
1022386
1005021
1028745
1026924
1019072
1006270
1005829
1026777
1015573
1005097
1016512
1023986
1013290
1009161
1018636
1022355
1024767
1023655
1015574
1004031
1012052
1027350
1001150
1016941
1021724
1013966
1003430
1031107
1030191
1018007
1011337
1015457
1012287
1027753
1010383
1014945
1008909
1032209
1009758
1024221
1018588
1006422
1024946
1027506
1013030
1016413
1029168
1000900
1032591
1018762
1001655
1017410
1006359
1027624
1020537
1021548
1006483
1027595
1004041
1003602
1024350
1010291
1030836
1009374
1011020
1004596
1024021
1027348
1023199
1019668
1024484
1008281
1004734
1000053
1001999
1026418
1027938
1006900
1003788
1018127
1000467
1003728
1014893
1024648
1022483
1017807
1002421
1014310
1006617
1022813
1009517
